#COPIER ID MEAN MIN MAX
C00 0 73.31 70.40 75.99
C01 1 73.22 70.24 75.99
C02 2 73.11 70.04 75.97
C03 3 73.29 70.33 75.97
C04 4 73.10 69.87 76.04
C05 5 73.15 70.41 75.46
C06 6 73.20 70.45 75.92
C07 7 73.12 69.97 76.16
C08 8 73.12 70.07 75.80
C09 9 73.21 70.35 76.04
C10 10 72.98 70.24 75.39
C11 11 73.26 70.16 76.23
C12 12 73.26 70.16 76.31
C13 13 73.37 70.55 76.18
C14 14 73.36 70.46 75.87
C15 15 73.18 70.07 76.09
C16 16 72.96 70.57 75.28
C17 17 73.30 70.46 76.04
C18 18 73.24 70.26 76.19
C19 19 73.38 70.97 75.82
C20 20 73.30 70.23 76.04
C21 21 73.29 70.46 75.99
C22 22 73.21 70.29 76.09
C23 23 73.01 69.97 76.14
C24 24 73.34 70.13 76.21
C25 25 73.30 70.40 76.14
C26 26 73.07 69.97 76.04
C27 27 73.05 70.01 75.87
C28 28 73.17 70.13 76.13
C29 29 73.29 70.31 76.16
C30 30 73.24 70.18 75.96
C31 31 73.15 70.21 75.92
C32 32 73.20 70.23 75.97
C33 33 73.27 70.29 75.92
C34 34 73.13 70.06 75.97
C35 35 73.32 70.55 75.96
C36 36 73.24 70.13 76.02
C37 37 73.37 70.40 76.25
C38 38 73.20 70.35 76.28
C39 39 73.30 70.46 76.28
C40 40 73.19 69.99 75.89
C41 41 73.16 69.97 76.11
C42 42 73.16 69.96 76.02
C43 43 73.12 70.02 76.09
C44 44 73.16 70.23 75.84
C45 45 73.08 70.02 75.84
C46 46 73.23 70.29 76.18
C47 47 73.18 70.04 76.28
C48 48 73.22 70.19 76.06
C49 49 73.20 69.94 76.14
C50 50 73.09 70.07 75.99
C51 51 73.18 70.41 76.01
C52 52 73.12 70.19 75.89
C53 53 73.35 70.19 76.25
C54 54 73.24 70.04 76.26
C55 55 73.17 69.96 76.11
C56 56 73.11 70.02 76.01
C57 57 73.30 70.38 76.14
C58 58 73.17 70.21 76.02
C59 59 73.29 70.46 75.97
C60 60 73.23 69.99 76.16
C61 61 73.34 70.46 76.09
C62 62 73.34 70.24 76.30
C63 63 73.36 70.48 75.92
C64 64 73.13 70.41 75.41
C65 65 73.28 70.41 75.97
C66 66 73.07 70.19 75.90
C67 67 72.99 70.18 75.65
C68 68 73.28 70.35 76.18
C69 69 73.21 69.94 76.31
C70 70 73.11 69.75 76.19
C71 71 73.39 70.57 76.18
C72 72 73.11 69.99 76.07
C73 73 73.18 70.09 76.04
C74 74 73.21 70.35 76.06
C75 75 72.96 69.90 76.16
C76 76 73.24 70.18 76.13
C77 77 72.99 70.35 75.21
C78 78 73.27 70.14 76.25
C79 79 73.15 69.87 76.16
C80 80 72.98 69.87 75.92
C81 81 73.33 70.31 76.36
C82 82 73.07 69.85 76.18
C83 83 73.21 70.21 76.14
C84 84 73.25 70.21 76.23
C85 85 73.20 69.97 76.04
C86 86 73.18 70.19 76.01
C87 87 73.00 70.11 75.65
C88 88 73.14 70.07 75.90
C89 89 73.15 70.38 75.70
C90 90 73.24 70.18 76.01
C91 91 73.15 69.96 76.11
C92 92 73.29 70.28 76.13
C93 93 73.17 70.06 75.92
C94 94 73.28 70.31 76.07
C95 95 73.03 70.16 75.72
C96 96 73.27 70.09 76.28
C97 97 73.25 70.31 75.96
C98 98 73.13 70.07 75.90
C99 99 73.07 70.13 75.94
C100 100 73.14 70.07 76.02
C101 101 73.25 70.28 76.07
C102 102 73.10 70.19 75.68
C103 103 73.06 69.84 75.90
C104 104 73.02 70.04 75.84
C105 105 73.04 70.18 75.65
C106 106 73.29 70.28 76.25
C107 107 73.08 69.94 75.96
C108 108 73.26 70.19 76.02
C109 109 73.21 70.24 75.92
C110 110 73.18 70.06 76.18
C111 111 73.13 70.16 76.11
C112 112 73.11 70.06 75.94
C113 113 73.23 70.26 76.04
C114 114 73.11 70.21 75.84
C115 115 73.08 70.41 75.41
C116 116 73.17 70.28 75.89
C117 117 73.11 69.92 76.18
C118 118 73.27 70.31 75.96
C119 119 73.04 69.92 75.89
C120 120 73.17 70.07 76.26
C121 121 73.16 70.02 76.14
C122 122 73.21 70.23 76.18
C123 123 73.12 70.07 76.14
C124 124 73.19 69.85 76.11
C125 125 73.19 70.31 76.01
C126 126 73.25 69.96 76.16
C127 127 73.25 70.29 75.89
C128 128 73.12 70.04 75.89
C129 129 73.18 70.26 76.02
C130 130 73.29 70.29 76.13
C131 131 73.23 70.31 76.09
C132 132 73.18 70.23 76.18
C133 133 73.26 70.28 76.07
C134 134 73.20 70.50 75.92
C135 135 73.25 70.07 76.18
C136 136 73.21 70.14 76.07
C137 137 73.16 70.07 76.04
C138 138 73.25 70.09 76.16
C139 139 73.12 69.99 76.02
C140 140 73.20 70.31 75.97
C141 141 72.99 69.85 76.01
C142 142 73.39 70.24 76.36
C143 143 73.17 70.04 76.14
C144 144 73.24 70.38 75.99
C145 145 73.00 70.28 75.33
C146 146 73.22 70.23 76.01
C147 147 73.21 70.23 76.06
C148 148 73.14 70.16 75.99
C149 149 73.31 70.07 76.21
C150 150 73.10 70.01 75.94
C151 151 73.10 69.96 76.18
C152 152 73.24 70.07 76.11
C153 153 73.01 70.07 75.58
C154 154 73.01 69.87 75.87
C155 155 73.23 70.09 76.36
C156 156 72.95 70.18 75.92
C157 157 73.16 69.80 76.16
C158 158 73.26 70.13 76.07
C159 159 73.34 70.38 76.28
C160 160 73.20 70.23 75.99
C161 161 73.30 70.19 76.18
C162 162 73.33 70.26 76.28
C163 163 72.95 70.19 75.34
C164 164 73.21 69.97 76.07
C165 165 73.18 70.11 75.92
C166 166 73.07 70.01 76.07
C167 167 72.99 70.23 75.77
C168 168 73.10 69.97 75.89
C169 169 73.15 69.89 76.07
C170 170 73.24 70.26 76.18
C171 171 73.20 70.26 75.97
C172 172 73.09 69.87 75.96
C173 173 73.09 70.06 75.85
C174 174 73.09 70.11 75.84
C175 175 73.06 69.85 76.02
C176 176 72.99 69.82 75.84
C177 177 73.28 70.31 76.19
C178 178 73.18 70.21 76.01
C179 179 73.02 70.13 75.57
C180 180 73.28 70.43 75.85
C181 181 73.10 69.87 76.07
C182 182 73.11 69.97 75.84
C183 183 73.09 70.31 75.92
C184 184 73.13 70.04 76.18
C185 185 73.04 69.85 76.02
C186 186 73.13 69.96 76.14
C187 187 73.08 70.09 75.79
C188 188 73.11 70.31 76.06
C189 189 73.20 70.26 75.96
C190 190 73.17 70.26 76.04
C191 191 73.14 70.09 76.06
C192 192 73.28 70.31 76.04
C193 193 72.91 70.04 75.33
C194 194 73.08 69.77 76.01
C195 195 73.15 70.19 76.02
C196 196 73.21 69.89 76.35
C197 197 73.28 70.35 76.16
C198 198 73.17 70.16 76.02
C199 199 73.08 70.04 76.06
C200 200 73.16 70.02 76.23
C201 201 73.14 69.90 76.16
C202 202 73.27 70.11 76.18
C203 203 73.16 70.13 76.02
C204 204 73.20 69.92 76.26
C205 205 73.15 69.99 76.14
C206 206 73.11 70.01 75.94
C207 207 73.22 70.21 75.99
C208 208 73.18 70.06 75.75
C209 209 73.26 70.21 75.97
C210 210 73.13 69.92 76.23
C211 211 73.09 70.02 76.09
C212 212 73.11 69.99 75.96
C213 213 73.16 70.11 76.06
C214 214 73.08 69.99 75.77
C215 215 72.99 69.97 75.68
C216 216 72.77 70.02 75.17
C217 217 73.18 70.04 76.25
C218 218 72.96 69.97 75.92
C219 219 73.21 70.09 76.28
C220 220 73.11 70.14 75.99
C221 221 72.88 70.43 75.28
C222 222 73.24 70.13 76.02
C223 223 73.25 70.38 76.07
C224 224 73.22 69.92 76.13
C225 225 73.32 70.36 76.14
C226 226 73.01 70.21 75.36
C227 227 73.03 70.33 76.04
C228 228 73.22 70.24 75.94
C229 229 73.08 69.94 75.97
C230 230 73.10 70.14 76.11
C231 231 73.28 70.38 76.04
C232 232 73.09 70.13 75.89
C233 233 72.98 69.68 75.97
C234 234 73.12 70.13 76.14
C235 235 73.16 69.84 76.09
C236 236 73.17 70.24 76.02
C237 237 73.23 70.21 76.23
C238 238 73.18 70.09 76.06
C239 239 73.10 69.89 75.99
C240 240 73.20 70.16 76.02
C241 241 73.11 70.07 75.92
C242 242 73.07 70.14 76.09
C243 243 73.00 69.84 75.97
C244 244 73.12 70.09 76.07
C245 245 73.18 70.43 75.82
C246 246 73.19 70.26 75.97
C247 247 72.99 69.82 76.01
C248 248 73.11 70.06 75.75
C249 249 73.18 70.23 75.89
C250 250 73.10 70.02 76.11
C251 251 73.24 70.29 76.21
C252 252 73.11 70.06 76.11
C253 253 73.11 70.24 75.85
C254 254 73.23 70.09 75.99
C255 255 72.96 69.94 76.23
C256 256 73.15 70.23 75.90
C257 257 73.34 70.52 76.06
C258 258 73.20 70.18 76.06
C259 259 73.12 70.06 75.80
C260 260 73.09 70.18 76.06
C261 261 73.18 70.18 76.04
C262 262 73.16 69.87 76.18
C263 263 73.03 70.06 75.80
C264 264 73.20 70.28 75.90
C265 265 73.13 70.09 76.02
C266 266 73.17 70.18 76.02
C267 267 73.25 70.06 76.33
C268 268 73.22 70.23 76.01
C269 269 73.23 70.23 76.09
C270 270 73.25 70.43 76.02
C271 271 73.28 70.33 76.23
C272 272 73.17 70.01 76.14
C273 273 73.18 70.11 75.84
C274 274 72.92 70.31 75.63
C275 275 73.15 70.14 76.18
C276 276 72.99 70.24 75.22
C277 277 73.18 70.01 76.01
C278 278 73.02 69.96 75.82
C279 279 73.07 69.90 75.96
C280 280 73.05 70.11 75.82
C281 281 73.17 70.23 75.94
C282 282 73.15 69.99 75.96
C283 283 73.14 70.23 76.02
C284 284 73.19 70.02 76.23
C285 285 73.11 70.19 75.82
C286 286 73.11 69.94 76.04
C287 287 73.18 70.18 76.01
C288 288 73.29 70.23 76.26
C289 289 73.29 70.43 76.04
C290 290 73.11 69.89 76.16
C291 291 73.10 69.92 75.99
C292 292 73.03 69.97 75.84
C293 293 73.07 70.06 75.68
C294 294 72.83 69.80 75.36
C295 295 73.12 70.01 76.18
C296 296 73.15 69.90 76.06
C297 297 73.11 70.09 75.89
C298 298 73.10 69.97 76.19
C299 299 72.91 70.04 75.65
C300 300 73.16 70.19 75.96
C301 301 73.26 70.48 75.96
C302 302 73.05 69.84 76.09
C303 303 72.96 70.07 75.48
C304 304 73.07 70.07 75.51
C305 305 73.15 70.28 75.79
C306 306 73.16 70.18 76.06
C307 307 73.20 70.07 76.21
C308 308 73.12 70.28 75.75
C309 309 72.88 69.65 76.04
C310 310 73.06 70.04 75.94
C311 311 73.09 70.50 75.80
C312 312 73.18 70.26 76.02
C313 313 73.17 69.90 76.16
C314 314 72.95 69.96 75.90
C315 315 73.11 70.09 75.89
C316 316 73.04 70.16 75.38
C317 317 73.12 69.85 76.23
C318 318 73.02 69.92 75.79
C319 319 73.11 69.92 76.07
C320 320 73.01 69.92 75.84
C321 321 73.16 70.04 76.11
C322 322 73.12 70.23 75.82
C323 323 73.07 70.26 75.92
C324 324 73.15 69.96 75.92
C325 325 73.21 70.16 75.90
C326 326 73.14 70.07 76.04
C327 327 73.12 70.01 76.11
C328 328 73.19 70.29 75.97
C329 329 72.78 69.90 75.24
C330 330 73.00 69.96 76.14
C331 331 73.08 70.01 76.09
C332 332 73.25 70.09 76.11
C333 333 73.30 70.18 76.16
C334 334 72.92 69.97 75.38
C335 335 72.98 70.02 75.50
C336 336 73.06 69.80 76.01
C337 337 73.27 70.26 76.14
C338 338 73.07 69.94 75.89
C339 339 73.13 70.06 76.11
C340 340 73.16 70.02 75.99
C341 341 73.21 70.33 76.06
C342 342 73.03 69.87 76.07
C343 343 73.18 70.14 75.99
C344 344 73.06 70.09 76.06
C345 345 73.04 69.92 76.02
C346 346 73.09 69.96 75.94
C347 347 73.18 70.16 76.11
C348 348 73.25 70.11 76.02
C349 349 73.16 70.26 75.84
C350 350 73.05 70.14 75.84
C351 351 73.16 69.84 76.13
C352 352 73.08 70.11 75.77
C353 353 73.01 69.99 75.75
C354 354 72.88 70.04 75.38
C355 355 73.28 70.29 76.13
C356 356 73.21 70.07 76.07
C357 357 73.22 69.96 76.26
C358 358 72.74 69.99 75.33
C359 359 72.96 69.85 75.82
C360 360 72.79 69.85 75.36
C361 361 73.06 69.92 75.75
C362 362 73.17 70.21 75.97
C363 363 72.96 70.02 75.36
C364 364 73.15 69.79 76.14
C365 365 73.21 70.31 75.90
C366 366 73.25 70.16 76.13
C367 367 73.17 70.21 76.02
C368 368 72.93 70.21 75.29
C369 369 73.21 70.57 75.90
C370 370 73.11 70.21 75.63
C371 371 73.17 70.07 75.96
C372 372 73.22 70.19 76.06
C373 373 73.09 69.90 75.94
C374 374 73.16 70.09 76.04
C375 375 72.96 70.07 75.80
C376 376 73.17 69.97 76.14
C377 377 73.12 70.19 75.85
C378 378 73.08 69.87 75.99
C379 379 72.95 69.94 75.80
C380 380 73.05 70.04 76.11
C381 381 73.09 70.18 75.75
C382 382 73.22 70.31 75.87
C383 383 73.00 70.07 75.94
C384 384 73.03 69.80 76.01
C385 385 73.04 70.01 76.04
C386 386 73.12 70.16 75.90
C387 387 73.21 70.35 76.02
C388 388 73.06 70.07 75.85
C389 389 73.03 70.16 76.04
C390 390 73.01 70.02 76.04
C391 391 72.99 69.89 75.70
C392 392 73.01 69.75 76.11
C393 393 73.22 70.46 75.96
C394 394 73.21 70.36 75.84
C395 395 73.09 70.18 75.96
C396 396 72.87 69.85 75.38
C397 397 72.75 70.23 75.06
C398 398 73.17 70.13 76.13
C399 399 72.90 69.97 75.31
C400 400 73.25 70.18 76.14
C401 401 73.38 70.24 76.28
C402 402 73.06 70.18 75.92
C403 403 73.22 70.19 76.09
C404 404 73.18 70.21 75.99
C405 405 73.13 69.89 76.07
C406 406 73.05 70.21 75.90
C407 407 73.13 70.06 75.89
C408 408 73.12 70.16 75.74
C409 409 73.03 69.90 75.87
C410 410 73.01 70.07 75.92
C411 411 73.03 69.87 76.02
C412 412 73.19 70.07 76.01
C413 413 73.25 70.38 75.99
C414 414 73.05 70.21 75.77
C415 415 73.12 69.99 76.11
C416 416 73.09 69.92 75.92
C417 417 73.27 70.13 76.26
C418 418 73.15 70.26 76.11
C419 419 73.11 70.38 75.92
C420 420 73.28 70.16 76.23
C421 421 73.24 70.04 76.13
C422 422 73.12 70.02 76.06
C423 423 73.14 69.89 76.11
C424 424 73.09 70.11 75.80
C425 425 73.28 70.43 76.04
C426 426 73.02 70.02 75.79
C427 427 73.13 70.01 76.02
C428 428 73.21 70.28 76.09
C429 429 73.17 70.07 76.07
C430 430 73.23 70.24 75.94
C431 431 73.19 70.41 75.92
C432 432 72.92 70.40 75.06
C433 433 73.07 70.04 75.89
C434 434 73.07 69.92 75.89
C435 435 73.15 70.06 76.13
C436 436 73.07 69.97 76.14
C437 437 73.17 69.96 76.13
C438 438 73.08 69.84 76.13
C439 439 72.83 70.06 75.21
C440 440 73.25 70.09 76.09
C441 441 73.14 69.89 76.16
C442 442 72.90 69.89 75.80
C443 443 73.21 70.26 75.99
C444 444 73.16 70.16 75.75
C445 445 73.34 70.48 76.07
C446 446 73.00 70.04 75.94
C447 447 73.06 69.94 75.99
C448 448 73.08 69.84 76.07
C449 449 73.05 70.07 76.02
C450 450 73.00 70.06 75.85
C451 451 73.05 70.19 75.87
C452 452 73.13 69.92 76.18
C453 453 73.19 70.01 76.18
C454 454 73.08 69.79 75.99
C455 455 73.07 70.04 75.90
C456 456 73.04 69.90 75.85
C457 457 73.14 70.13 75.97
C458 458 72.86 69.72 75.70
C459 459 73.11 70.19 76.18
C460 460 73.29 69.90 76.25
C461 461 73.08 70.06 75.99
C462 462 73.15 70.24 75.75
C463 463 73.30 70.31 76.13
C464 464 72.78 69.72 75.33
C465 465 73.07 69.89 75.94
C466 466 73.07 70.26 75.80
C467 467 73.20 70.14 76.09
C468 468 73.02 69.99 75.58
C469 469 73.18 69.82 76.02
C470 470 73.08 69.97 76.07
C471 471 73.00 69.82 75.97
C472 472 73.09 70.07 76.06
C473 473 72.91 69.75 75.96
C474 474 73.25 70.29 76.02
C475 475 73.15 69.96 76.19
C476 476 72.95 69.75 75.89
C477 477 73.12 70.11 76.07
C478 478 73.00 69.68 76.13
C479 479 73.12 70.09 75.99
C480 480 73.10 70.09 75.92
C481 481 73.08 69.84 75.97
C482 482 73.18 70.02 76.25
C483 483 73.16 70.24 75.79
C484 484 73.08 70.04 75.87
C485 485 72.96 69.87 75.99
C486 486 73.15 70.13 76.06
C487 487 73.25 70.19 76.11
C488 488 73.23 70.07 76.16
C489 489 73.02 70.14 75.74
C490 490 72.94 69.99 75.87
C491 491 73.26 70.45 76.02
C492 492 73.07 69.96 76.07
C493 493 73.21 70.11 76.14
C494 494 73.11 69.82 76.19
C495 495 73.17 70.18 76.02
C496 496 73.16 70.01 76.07
C497 497 72.71 69.89 75.31
C498 498 73.03 70.28 75.38
C499 499 73.18 70.06 76.14
C500 500 73.00 69.97 75.94
C501 501 73.01 70.01 75.96
C502 502 73.00 70.06 75.90
C503 503 73.16 70.28 75.99
C504 504 73.14 70.16 76.02
C505 505 72.86 69.99 75.34
C506 506 73.15 70.23 75.90
C507 507 72.87 69.63 75.80
C508 508 73.13 70.19 76.01
C509 509 73.16 70.13 75.75
C510 510 73.22 70.19 76.07
C511 511 73.04 69.99 75.87
C512 512 73.08 70.13 75.82
C513 513 73.16 70.18 75.94
C514 514 73.12 69.97 76.02
C515 515 73.08 69.92 75.89
C516 516 73.14 69.84 76.21
C517 517 73.07 69.97 75.97
C518 518 73.11 70.02 75.92
C519 519 73.07 70.09 75.92
C520 520 73.09 69.94 76.06
C521 521 73.24 70.36 76.18
C522 522 73.24 70.36 76.06
C523 523 73.14 70.14 76.04
C524 524 72.98 70.35 75.22
C525 525 73.07 70.31 75.58
C526 526 73.11 69.97 76.04
C527 527 73.13 70.01 75.99
C528 528 73.17 69.94 76.01
C529 529 73.14 70.19 75.84
C530 530 72.79 69.87 75.94
C531 531 73.28 70.18 76.25
C532 532 73.20 70.16 76.11
C533 533 73.17 70.04 76.16
C534 534 73.26 70.24 76.18
C535 535 72.90 69.79 75.68
C536 536 73.22 70.31 76.01
C537 537 73.18 70.06 76.25
C538 538 73.01 69.79 75.80
C539 539 72.96 69.96 75.84
C540 540 73.11 69.97 76.09
C541 541 72.84 69.82 75.92
C542 542 73.09 70.02 75.99
C543 543 73.15 70.16 76.11
C544 544 73.04 69.79 76.23
C545 545 73.18 70.09 76.16
C546 546 73.03 70.04 75.97
C547 547 72.80 69.61 75.33
C548 548 73.12 69.89 75.94
C549 549 73.09 70.13 75.96
C550 550 72.96 69.70 75.85
C551 551 73.25 70.06 76.31
C552 552 73.07 70.11 75.97
C553 553 72.85 70.02 75.31
C554 554 72.98 69.82 76.02
C555 555 73.10 69.80 76.14
C556 556 73.12 69.94 76.07
C557 557 73.10 70.02 76.14
C558 558 73.14 70.09 76.09
C559 559 72.99 70.02 75.60
C560 560 73.11 69.99 76.13
C561 561 73.16 70.21 75.97
C562 562 72.98 69.97 76.02
C563 563 73.30 70.31 76.11
C564 564 72.92 69.56 75.75
C565 565 73.08 69.97 75.96
C566 566 73.12 70.18 76.04
C567 567 73.24 69.96 76.45
C568 568 73.05 69.96 75.85
C569 569 73.20 70.36 75.96
C570 570 73.05 70.04 75.94
C571 571 73.08 69.75 76.01
C572 572 72.99 69.92 75.84
C573 573 73.09 70.09 75.74
C574 574 73.08 70.23 75.68
C575 575 73.28 70.33 76.09
C576 576 73.08 70.21 76.04
C577 577 73.16 69.94 76.18
C578 578 73.19 70.09 76.01
C579 579 73.16 70.14 76.06
C580 580 73.09 69.90 75.85
C581 581 73.28 70.50 75.99
C582 582 72.99 69.80 75.97
C583 583 72.96 69.77 76.02
C584 584 73.11 70.02 75.94
C585 585 73.09 70.07 76.09
C586 586 72.94 70.04 75.75
C587 587 73.22 70.06 76.38
C588 588 73.15 70.13 76.02
C589 589 73.18 70.19 76.04
C590 590 72.86 70.04 75.26
C591 591 73.13 70.24 76.07
C592 592 73.06 69.96 75.92
C593 593 73.19 70.28 75.87
C594 594 73.01 69.99 75.94
C595 595 73.07 69.79 76.07
C596 596 73.09 69.89 75.96
C597 597 72.97 69.77 75.89
C598 598 73.21 69.99 76.07
C599 599 72.96 70.01 75.74
C600 600 72.73 69.87 75.19
C601 601 73.14 70.04 76.01
C602 602 73.04 70.11 75.80
C603 603 73.00 70.02 75.60
C604 604 73.04 69.92 75.94
C605 605 73.15 70.11 75.96
C606 606 72.88 70.09 75.19
C607 607 73.27 70.21 75.99
C608 608 73.07 69.97 75.60
C609 609 73.15 70.23 75.99
C610 610 73.01 69.87 75.85
C611 611 73.04 69.96 75.85
C612 612 73.08 70.16 76.02
C613 613 73.07 69.87 75.90
C614 614 73.05 70.16 75.75
C615 615 73.19 69.96 76.16
C616 616 73.04 69.80 76.16
C617 617 73.19 70.26 76.18
C618 618 72.86 69.94 75.43
C619 619 73.22 70.07 76.26
C620 620 73.14 70.11 75.89
C621 621 73.14 70.04 75.92
C622 622 73.07 70.11 76.07
C623 623 72.98 69.94 75.87
C624 624 73.09 70.06 76.13
C625 625 73.27 70.35 76.28
C626 626 73.13 70.13 76.04
C627 627 72.91 69.90 75.80
C628 628 73.00 69.87 75.84
C629 629 73.01 69.87 75.90
C630 630 73.10 69.94 76.09
C631 631 73.11 70.16 75.89
C632 632 73.18 70.11 76.13
C633 633 73.19 70.24 76.14
C634 634 73.09 70.45 75.79
C635 635 73.17 70.01 75.99
C636 636 73.21 70.11 76.19
C637 637 73.06 70.18 75.84
C638 638 73.09 69.99 75.99
C639 639 73.09 70.11 76.01
C640 640 73.22 70.41 75.96
C641 641 73.17 69.90 76.21
C642 642 73.14 70.01 75.96
C643 643 72.99 70.14 75.72
C644 644 73.17 70.02 76.01
C645 645 73.00 69.87 75.84
C646 646 72.94 70.02 75.33
C647 647 73.13 69.97 76.25
C648 648 72.83 69.72 75.84
C649 649 73.21 70.29 76.13
C650 650 73.09 70.06 75.99
C651 651 73.26 70.11 76.26
C652 652 73.08 70.01 75.77
C653 653 73.08 69.89 75.80
C654 654 72.86 69.82 75.46
C655 655 72.90 69.92 75.51
C656 656 73.16 69.94 76.07
C657 657 73.17 70.04 76.28
C658 658 73.16 70.46 75.96
C659 659 72.90 70.06 75.21
C660 660 73.18 69.85 76.11
C661 661 72.96 69.92 75.63
C662 662 73.11 69.94 76.02
C663 663 72.67 69.89 74.94
C664 664 73.00 70.04 76.02
C665 665 72.90 70.11 75.74
C666 666 73.04 70.11 75.87
C667 667 73.10 70.21 75.92
C668 668 73.09 69.94 76.13
C669 669 72.99 69.70 76.06
C670 670 72.78 69.80 75.09
C671 671 73.07 69.94 76.04
C672 672 73.02 69.73 75.96
C673 673 73.20 70.35 76.02
C674 674 73.04 69.61 76.13
C675 675 73.20 70.02 76.21
C676 676 72.76 69.60 75.38
C677 677 73.03 70.06 75.87
C678 678 73.11 69.92 75.87
C679 679 73.12 70.02 76.11
C680 680 73.11 69.97 76.02
C681 681 73.04 70.02 75.75
C682 682 72.90 69.92 75.96
C683 683 72.90 69.89 75.55
C684 684 72.98 69.99 75.62
C685 685 73.18 70.38 75.97
C686 686 72.61 69.89 75.02
C687 687 73.20 70.14 76.18
C688 688 72.91 70.07 75.82
C689 689 73.03 70.02 75.89
C690 690 72.93 69.85 75.48
C691 691 72.75 69.80 75.28
C692 692 73.17 69.90 76.21
C693 693 72.95 70.14 75.67
C694 694 72.99 69.89 75.82
C695 695 73.00 69.79 75.99
C696 696 73.01 69.63 75.99
C697 697 73.05 70.07 75.97
C698 698 72.96 69.99 75.62
C699 699 73.15 70.07 75.96
C700 700 73.11 70.19 75.99
C701 701 72.98 69.87 76.11
C702 702 73.12 70.02 75.96
C703 703 73.00 69.97 75.77
C704 704 73.16 70.19 76.07
C705 705 73.05 70.14 75.80
C706 706 73.15 70.31 75.90
C707 707 73.07 69.85 76.13
C708 708 72.93 69.80 75.85
C709 709 73.04 69.90 76.01
C710 710 72.77 69.99 75.11
C711 711 72.97 69.85 75.97
C712 712 72.96 69.99 75.79
C713 713 73.08 70.33 75.79
C714 714 73.07 70.14 75.79
C715 715 73.15 70.29 75.84
C716 716 73.04 69.96 76.01
C717 717 73.00 70.13 75.80
C718 718 73.04 69.90 75.94
C719 719 72.83 70.06 75.26
C720 720 73.18 69.99 75.97
C721 721 73.13 70.19 76.04
C722 722 72.94 69.80 75.75
C723 723 73.14 69.84 76.13
C724 724 73.21 70.18 76.14
C725 725 72.85 69.94 75.38
C726 726 72.86 69.90 75.62
C727 727 73.00 70.09 75.85
C728 728 72.92 69.75 75.87
C729 729 72.95 69.94 75.87
C730 730 73.13 70.41 75.84
C731 731 73.19 69.99 75.94
C732 732 73.04 69.89 75.94
C733 733 72.98 69.92 75.74
C734 734 72.83 69.82 75.62
C735 735 73.09 70.01 76.11
C736 736 73.04 70.09 75.79
C737 737 73.08 70.07 75.85
C738 738 73.00 70.01 75.75
C739 739 72.94 69.60 76.09
C740 740 72.82 69.68 75.94
C741 741 72.88 69.77 75.67
C742 742 72.91 69.84 75.70
C743 743 73.09 70.13 75.99
C744 744 73.03 69.87 75.96
C745 745 72.97 69.84 75.80
C746 746 73.09 70.06 75.99
C747 747 73.18 70.41 76.07
C748 748 72.99 70.13 75.68
C749 749 72.88 69.79 75.85
C750 750 73.03 69.85 76.02
C751 751 73.18 70.21 76.16
C752 752 73.07 69.89 76.06
C753 753 72.93 69.96 75.68
C754 754 72.92 69.80 75.82
C755 755 72.83 69.85 75.82
C756 756 72.75 69.39 75.67
C757 757 72.90 69.80 75.87
C758 758 72.88 69.75 75.90
C759 759 73.04 69.94 76.09
C760 760 73.01 70.01 75.72
C761 761 72.95 70.23 75.94
C762 762 73.02 70.07 75.77
C763 763 72.58 70.01 74.68
C764 764 73.05 69.72 76.09
C765 765 72.91 69.89 75.79
C766 766 73.05 69.94 75.97
C767 767 73.12 70.16 75.84
C768 768 73.05 70.07 75.87
C769 769 73.12 70.28 75.92
C770 770 73.07 70.04 75.96
C771 771 73.00 69.85 75.74
C772 772 73.05 69.82 76.04
C773 773 73.07 69.94 75.99
C774 774 73.17 70.18 76.07
C775 775 73.06 69.94 75.94
C776 776 73.07 69.94 76.02
C777 777 73.00 69.84 76.02
C778 778 73.05 70.06 75.89
C779 779 72.98 70.38 75.70
C780 780 72.90 69.77 75.65
C781 781 73.08 69.85 76.01
C782 782 73.01 70.01 75.94
C783 783 73.01 70.18 75.90
C784 784 72.87 69.82 75.79
C785 785 73.17 70.35 76.02
C786 786 73.08 70.09 75.89
C787 787 72.88 69.68 75.77
C788 788 72.96 69.97 75.94
C789 789 73.07 69.97 75.94
C790 790 72.95 69.79 75.90
C791 791 73.12 69.96 76.14
C792 792 73.01 69.84 75.80
C793 793 73.16 70.14 76.01
C794 794 72.96 69.92 75.80
C795 795 72.94 69.70 75.85
C796 796 72.94 69.89 75.90
C797 797 73.01 70.04 75.75
C798 798 72.91 69.89 75.60
C799 799 73.05 69.72 75.99
C800 800 73.00 70.01 75.80
C801 801 72.99 69.94 75.89
C802 802 72.90 70.01 75.55
C803 803 72.87 69.84 75.89
C804 804 73.07 69.75 76.16
C805 805 72.92 69.92 75.67
C806 806 73.00 70.01 75.89
C807 807 72.99 70.11 75.97
C808 808 73.02 70.02 75.96
C809 809 72.94 69.85 75.72
C810 810 72.84 69.50 75.77
C811 811 72.91 69.73 75.72
C812 812 73.01 69.75 75.96
C813 813 72.89 69.82 75.57
C814 814 72.92 69.77 75.85
C815 815 73.00 69.94 75.68
C816 816 73.04 69.80 75.96
C817 817 73.03 70.04 76.06
C818 818 72.99 70.04 75.75
C819 819 72.58 69.90 74.58
C820 820 72.90 69.56 75.90
C821 821 72.95 69.82 75.70
C822 822 72.77 69.77 75.51
C823 823 72.87 69.60 75.94
C824 824 73.06 69.92 76.09
C825 825 72.87 69.99 75.39
C826 826 72.82 69.89 75.89
C827 827 72.87 69.70 75.84
C828 828 73.00 69.92 75.92
C829 829 72.87 69.92 75.60
C830 830 72.95 69.90 75.82
C831 831 72.95 69.73 75.96
C832 832 73.04 70.01 75.99
C833 833 72.99 69.90 75.80
C834 834 72.84 69.63 75.82
C835 835 73.11 69.97 76.14
C836 836 73.01 69.94 76.02
C837 837 72.87 69.80 75.53
C838 838 72.99 69.97 75.90
C839 839 72.88 69.90 75.57
C840 840 72.85 69.44 75.58
C841 841 73.09 69.96 75.99
C842 842 72.97 69.97 75.96
C843 843 72.99 70.02 75.89
C844 844 73.05 70.01 75.90
C845 845 72.98 69.97 75.80
C846 846 73.04 70.09 75.84
C847 847 72.88 69.58 75.77
C848 848 73.07 69.92 75.99
C849 849 73.08 70.02 75.85
C850 850 73.00 70.16 75.94
C851 851 72.62 69.82 75.07
C852 852 72.79 69.73 75.63
C853 853 73.01 69.94 75.96
C854 854 72.99 69.90 75.72
C855 855 73.00 70.07 76.02
C856 856 73.00 69.79 75.94
C857 857 72.85 69.94 75.63
C858 858 72.79 69.79 75.53
C859 859 73.01 69.75 76.07
C860 860 73.07 70.11 75.84
C861 861 72.87 69.97 75.36
C862 862 73.06 70.02 75.84
C863 863 72.93 69.94 75.70
C864 864 72.99 69.79 75.82
C865 865 72.83 69.75 75.53
C866 866 73.12 70.07 75.89
C867 867 72.97 69.75 75.85
C868 868 72.96 69.82 75.92
C869 869 72.91 69.90 75.46
C870 870 72.83 69.85 75.68
C871 871 72.83 69.63 75.75
C872 872 72.66 69.50 75.63
C873 873 72.82 69.80 75.74
C874 874 73.01 69.99 75.85
C875 875 73.07 69.90 76.07
C876 876 72.95 69.80 75.63
C877 877 72.91 69.99 75.85
C878 878 72.54 69.79 75.11
C879 879 72.88 69.73 75.70
C880 880 72.96 69.92 75.74
C881 881 72.78 70.02 75.51
C882 882 72.98 70.04 75.70
C883 883 73.00 69.96 75.92
C884 884 72.54 70.01 74.63
C885 885 72.89 69.85 75.70
C886 886 72.77 69.72 75.75
C887 887 72.84 69.41 75.85
C888 888 73.07 70.07 75.82
C889 889 72.96 70.19 75.72
C890 890 73.04 69.97 75.77
C891 891 72.95 69.84 75.92
C892 892 72.79 69.80 75.17
C893 893 72.92 70.01 75.58
C894 894 73.05 69.96 75.94
C895 895 72.81 69.99 75.62
C896 896 73.01 69.87 75.89
C897 897 72.90 69.73 75.89
C898 898 73.00 69.85 75.96
C899 899 72.83 69.46 75.77
C900 900 73.05 69.82 75.79
C901 901 73.06 70.07 75.92
C902 902 72.70 69.53 75.89
C903 903 72.56 69.56 74.90
C904 904 72.91 69.73 75.89
C905 905 72.98 69.97 75.65
C906 906 72.99 69.99 75.80
C907 907 73.03 69.99 76.28
C908 908 72.92 70.01 75.50
C909 909 73.08 70.07 75.85
C910 910 72.94 69.80 75.89
C911 911 73.04 69.87 75.90
C912 912 72.87 69.87 75.68
C913 913 72.84 69.67 75.85
C914 914 72.96 70.06 75.82
C915 915 72.93 69.92 75.72
C916 916 73.08 69.82 75.82
C917 917 72.98 69.94 76.02
C918 918 72.92 69.87 75.99
C919 919 72.77 69.51 75.89
C920 920 72.88 69.94 75.65
C921 921 72.69 69.90 75.21
C922 922 73.06 70.06 75.90
C923 923 72.95 69.77 75.90
C924 924 73.07 70.35 75.74
C925 925 72.94 70.07 75.82
C926 926 73.02 70.02 75.96
C927 927 72.91 69.75 75.74
C928 928 73.05 69.96 76.07
C929 929 73.00 69.68 75.97
C930 930 73.06 70.19 75.70
C931 931 72.82 69.84 75.28
C932 932 72.71 69.79 75.43
C933 933 72.96 69.87 75.90
C934 934 72.97 69.96 75.79
C935 935 72.92 69.75 75.65
C936 936 72.98 69.70 76.02
C937 937 72.96 70.07 75.48
C938 938 72.91 69.79 75.90
C939 939 72.54 69.68 74.95
C940 940 72.85 69.82 75.85
C941 941 72.94 69.87 75.79
C942 942 72.42 69.34 74.90
C943 943 72.95 69.67 75.85
C944 944 72.82 69.99 75.21
C945 945 72.86 69.89 75.67
C946 946 72.87 69.63 75.85
C947 947 72.72 69.65 75.80
C948 948 72.88 69.60 75.79
C949 949 72.84 69.55 75.84
C950 950 72.84 69.68 75.80
C951 951 72.85 69.51 75.74
C952 952 72.82 69.73 75.46
C953 953 72.69 69.94 74.97
C954 954 72.74 69.85 75.60
C955 955 72.94 69.79 75.79
C956 956 73.07 70.33 75.94
C957 957 73.04 69.84 76.01
C958 958 72.75 70.09 75.00
C959 959 72.91 69.68 75.85
C960 960 72.81 69.79 75.70
C961 961 73.01 69.73 75.92
C962 962 72.70 69.41 75.62
C963 963 72.94 70.07 75.75
C964 964 72.83 69.53 75.85
C965 965 72.78 69.84 75.50
C966 966 72.82 69.61 75.79
C967 967 72.86 69.70 75.75
C968 968 72.82 69.90 75.80
C969 969 72.73 69.87 75.51
C970 970 72.80 69.80 75.68
C971 971 72.81 69.85 75.53
C972 972 72.90 69.73 75.77
C973 973 72.90 69.72 75.80
C974 974 72.92 69.90 75.80
C975 975 72.79 69.72 75.55
C976 976 73.01 70.14 75.74
C977 977 73.02 69.99 75.79
C978 978 72.92 69.60 75.92
C979 979 72.74 69.55 75.68
C980 980 72.78 69.48 75.63
C981 981 72.53 69.60 74.94
C982 982 72.93 70.11 75.57
C983 983 72.62 69.68 75.06
C984 984 72.73 69.68 75.74
C985 985 72.83 69.67 75.87
C986 986 72.89 69.84 75.79
C987 987 72.82 69.75 75.70
C988 988 72.72 69.89 75.12
C989 989 72.77 69.60 75.58
C990 990 72.90 69.79 75.67
C991 991 72.85 69.90 75.82
C992 992 72.83 69.72 75.75
C993 993 72.85 69.87 75.72
C994 994 72.73 69.65 75.57
C995 995 73.11 69.75 76.11
C996 996 72.47 69.56 74.82
C997 997 72.81 69.73 75.68
C998 998 72.74 69.55 75.70
C999 999 72.74 69.61 75.50
C1000 1000 72.80 69.90 75.62
C1001 1001 72.77 69.63 75.80
C1002 1002 72.96 69.72 75.87
C1003 1003 72.82 69.63 75.70
C1004 1004 72.76 69.39 75.85
C1005 1005 72.74 69.53 75.68
C1006 1006 72.92 70.29 75.74
C1007 1007 72.77 69.89 75.48
C1008 1008 72.88 69.72 75.87
C1009 1009 72.85 69.79 75.63
C1010 1010 72.90 69.65 75.77
C1011 1011 73.00 69.92 75.75
C1012 1012 72.71 69.61 75.31
C1013 1013 72.85 69.96 75.67
C1014 1014 72.72 69.55 75.67
C1015 1015 72.90 69.75 75.74
C1016 1016 72.60 69.48 75.70
C1017 1017 72.78 69.53 75.65
C1018 1018 72.73 69.50 75.58
C1019 1019 72.83 69.72 75.82
C1020 1020 72.84 69.90 75.75
C1021 1021 72.75 69.87 75.36
C1022 1022 72.90 69.75 75.75
C1023 1023 72.90 69.92 75.70
C1024 1024 72.86 69.73 75.77
C1025 1025 72.83 69.65 75.74
C1026 1026 72.98 69.82 75.92
C1027 1027 72.82 69.70 75.58
C1028 1028 72.81 69.72 75.60
C1029 1029 72.70 69.29 75.92
C1030 1030 72.82 69.63 75.89
C1031 1031 72.69 69.60 75.48
C1032 1032 72.74 69.61 75.72
C1033 1033 72.79 69.53 75.82
C1034 1034 72.66 69.65 75.41
C1035 1035 72.82 69.68 75.70
C1036 1036 72.77 69.56 75.84
C1037 1037 72.91 69.73 75.77
C1038 1038 72.85 69.96 75.43
C1039 1039 72.62 69.41 75.75
C1040 1040 72.87 69.73 75.90
C1041 1041 72.82 69.67 75.84
C1042 1042 72.81 69.70 75.77
C1043 1043 72.75 69.63 75.70
C1044 1044 72.81 69.72 75.67
C1045 1045 72.87 69.77 75.68
C1046 1046 72.56 69.39 75.48
C1047 1047 72.73 69.46 75.57
C1048 1048 72.53 69.65 74.95
C1049 1049 72.91 70.06 75.55
C1050 1050 72.75 69.48 75.80
C1051 1051 72.88 69.73 75.74
C1052 1052 72.99 69.92 75.68
C1053 1053 72.74 69.61 75.63
C1054 1054 72.82 69.82 75.72
C1055 1055 72.65 69.80 75.16
C1056 1056 72.75 69.87 75.65
C1057 1057 72.73 69.63 75.74
C1058 1058 72.86 69.89 75.72
C1059 1059 72.70 69.56 75.31
C1060 1060 72.82 69.94 75.39
C1061 1061 72.79 69.68 75.72
C1062 1062 72.71 69.38 75.60
C1063 1063 72.81 69.67 75.82
C1064 1064 72.54 69.28 75.50
C1065 1065 72.74 69.51 75.51
C1066 1066 72.82 69.58 75.70
C1067 1067 72.51 69.41 74.82
C1068 1068 72.81 69.80 75.67
C1069 1069 72.75 69.48 75.79
C1070 1070 72.87 69.84 75.87
C1071 1071 72.82 69.80 75.51
C1072 1072 72.77 69.75 75.46
C1073 1073 72.81 69.67 75.72
C1074 1074 72.65 69.68 75.34
C1075 1075 72.50 69.41 75.16
C1076 1076 72.79 69.84 75.65
C1077 1077 72.64 69.53 75.55
C1078 1078 72.64 69.67 75.50
C1079 1079 72.74 69.68 75.46
C1080 1080 72.71 69.56 75.58
C1081 1081 72.64 69.79 74.94
C1082 1082 72.64 69.70 75.50
C1083 1083 72.71 69.73 75.34
C1084 1084 72.65 69.55 75.55
C1085 1085 72.58 69.77 75.16
C1086 1086 72.52 69.48 75.02
C1087 1087 72.54 69.36 75.43
C1088 1088 72.76 69.70 75.62
C1089 1089 72.35 69.36 74.75
C1090 1090 72.42 69.75 74.70
C1091 1091 72.70 69.53 75.46
C1092 1092 72.73 69.34 75.67
C1093 1093 72.61 69.41 75.28
C1094 1094 72.67 69.79 75.38
C1095 1095 72.62 69.56 75.22
C1096 1096 72.61 69.68 75.34
C1097 1097 72.55 69.61 75.04
C1098 1098 72.58 69.55 75.36
C1099 1099 72.68 69.58 75.46
C1100 1100 72.65 69.58 75.36
C1101 1101 72.69 69.60 75.21
C1102 1102 72.64 69.67 75.31
C1103 1103 72.71 69.55 75.50
C1104 1104 72.70 69.80 75.33
C1105 1105 72.41 69.65 74.49
C1106 1106 72.65 69.84 75.09
C1107 1107 72.52 69.41 75.17
C1108 1108 72.67 69.79 75.43
C1109 1109 72.31 69.41 74.49
C1110 1110 72.44 69.28 75.21
C1111 1111 72.56 69.51 75.22
C1112 1112 72.39 69.41 75.14
C1113 1113 72.41 69.48 74.70
C1114 1114 72.44 69.31 75.11
C1115 1115 72.59 69.79 75.14
C1116 1116 72.43 69.82 74.75
C1117 1117 72.48 69.65 75.07
C1118 1118 72.40 69.46 74.92
C1119 1119 72.33 69.38 74.82
C1120 1120 72.53 69.56 75.04
C1121 1121 72.47 69.60 74.95
C1122 1122 72.47 69.39 75.14
C1123 1123 72.21 69.11 74.94
C1124 1124 72.38 69.31 74.87
C1125 1125 72.47 69.46 75.07
C1126 1126 72.35 69.17 75.09
C1127 1127 72.47 69.43 75.12
C1128 1128 72.07 69.56 73.98
C1129 1129 72.48 69.73 74.90
C1130 1130 72.44 69.70 74.92
C1131 1131 72.44 69.43 74.95
C1132 1132 72.32 69.51 74.97
C1133 1133 72.53 69.51 75.04
C1134 1134 72.59 69.53 75.33
C1135 1135 72.44 69.46 74.97
C1136 1136 72.33 69.48 74.41
C1137 1137 72.52 69.31 75.17
C1138 1138 72.32 69.50 74.82
C1139 1139 72.38 69.21 75.06
C1140 1140 72.39 69.19 75.21
C1141 1141 72.32 69.14 75.19
C1142 1142 72.41 69.22 75.07
C1143 1143 72.41 69.41 75.00
C1144 1144 72.43 69.72 75.04
C1145 1145 72.45 69.50 74.94
C1146 1146 72.28 69.56 74.41
C1147 1147 72.33 69.21 75.09
C1148 1148 72.39 69.12 75.09
C1149 1149 72.22 68.97 74.89
C1150 1150 72.31 69.46 74.61
C1151 1151 72.28 69.24 74.82
C1152 1152 72.30 69.19 74.97
C1153 1153 72.53 69.68 74.97
C1154 1154 72.17 69.14 74.89
C1155 1155 72.41 69.29 75.24
C1156 1156 72.40 69.33 75.14
C1157 1157 72.33 69.29 75.12
C1158 1158 72.32 69.39 74.87
C1159 1159 72.38 69.38 75.17
C1160 1160 72.27 69.19 74.94
C1161 1161 72.39 69.36 74.99
C1162 1162 72.23 69.14 75.12
C1163 1163 72.43 69.34 75.07
C1164 1164 72.48 69.58 75.00
C1165 1165 72.27 69.16 75.02
C1166 1166 72.17 68.95 74.80
C1167 1167 72.16 69.43 74.87
C1168 1168 72.35 69.65 74.92
C1169 1169 72.21 69.05 74.83
C1170 1170 72.26 69.16 75.17
C1171 1171 72.22 69.11 75.02
C1172 1172 72.26 69.33 75.00
C1173 1173 72.13 69.09 75.21
C1174 1174 72.11 69.05 74.92
C1175 1175 71.97 68.80 74.95
C1176 1176 72.17 69.07 74.97
C1177 1177 72.30 69.14 75.12
C1178 1178 72.06 69.29 74.29
C1179 1179 71.93 68.90 74.41
C1180 1180 72.17 69.11 74.82
C1181 1181 72.00 68.78 74.66
C1182 1182 72.12 69.19 74.87
C1183 1183 72.13 68.83 74.89
C1184 1184 72.32 69.26 75.14
C1185 1185 71.83 69.14 73.85
C1186 1186 72.18 69.19 74.82
C1187 1187 72.06 68.83 75.22
C1188 1188 72.15 68.99 74.97
C1189 1189 72.09 68.99 74.95
C1190 1190 72.06 69.09 74.92
C1191 1191 72.14 69.11 75.06
C1192 1192 72.18 69.14 74.85
C1193 1193 71.91 69.26 74.29
C1194 1194 72.12 69.16 74.90
C1195 1195 71.93 68.51 74.92
C1196 1196 71.83 68.68 74.56
C1197 1197 71.90 68.54 74.83
C1198 1198 71.98 68.68 74.87
C1199 1199 71.52 68.32 73.81
C1200 1200 71.46 68.36 73.86
C1201 1201 71.54 68.43 74.02
C1202 1202 71.19 68.08 73.64
C1203 1203 71.30 68.10 74.02
C1204 1204 71.49 68.61 74.10
C1205 1205 71.21 68.12 73.83
C1206 1206 71.17 68.25 73.66
C1207 1207 71.28 68.29 73.90
C1208 1208 71.23 68.31 73.73
C1209 1209 71.41 68.65 74.02
C1210 1210 71.30 68.20 74.02
C1211 1211 71.48 68.54 73.80
C1212 1212 71.35 68.41 74.04
C1213 1213 71.30 68.39 74.00
C1214 1214 71.17 68.22 73.92
C1215 1215 71.42 68.32 73.86
C1216 1216 71.25 67.88 74.12
C1217 1217 71.37 68.51 73.78
C1218 1218 71.23 68.25 73.88
C1219 1219 71.20 67.95 74.15
C1220 1220 71.31 68.22 73.90
C1221 1221 71.16 68.02 73.68
C1222 1222 71.14 68.22 73.80
C1223 1223 71.18 68.14 73.83
C1224 1224 71.25 68.05 74.00
C1225 1225 71.07 67.86 73.68
C1226 1226 71.07 67.69 73.90
C1227 1227 71.00 67.68 73.88
C1228 1228 71.13 67.69 73.86
C1229 1229 70.85 67.76 73.18
C1230 1230 71.23 67.76 74.15
C1231 1231 71.13 67.80 74.02
C1232 1232 71.15 67.69 74.12
C1233 1233 71.15 67.66 73.73
C1234 1234 71.17 67.73 74.02
C1235 1235 71.09 67.69 73.98
C1236 1236 71.07 67.54 74.04
C1237 1237 71.20 68.08 73.80
C1238 1238 71.19 67.76 73.97
C1239 1239 71.01 67.73 73.85
C1240 1240 71.00 67.46 73.92
C1241 1241 71.17 67.92 74.04
C1242 1242 71.07 67.68 73.90
C1243 1243 71.20 67.73 73.92
C1244 1244 70.74 67.88 72.59
C1245 1245 71.14 67.83 73.95
C1246 1246 71.16 67.95 73.80
C1247 1247 71.15 67.66 73.98
C1248 1248 71.28 67.93 74.10
C1249 1249 71.07 67.71 74.00
C1250 1250 71.10 68.12 73.86
C1251 1251 70.91 67.47 73.68
C1252 1252 71.19 67.59 74.09
C1253 1253 70.92 67.17 74.02
C1254 1254 70.99 67.90 73.78
C1255 1255 70.85 67.32 73.73
C1256 1256 70.92 67.51 73.59
C1257 1257 70.86 67.25 73.95
C1258 1258 71.01 67.39 73.98
C1259 1259 71.08 67.37 74.07
C1260 1260 70.79 67.40 73.05
C1261 1261 71.05 67.66 73.68
C1262 1262 71.05 67.35 73.90
C1263 1263 70.72 67.24 73.47
C1264 1264 70.88 67.07 73.88
C1265 1265 70.88 67.32 73.95
C1266 1266 70.83 67.12 73.93
C1267 1267 70.86 66.93 74.00
C1268 1268 70.81 66.74 73.86
C1269 1269 70.65 66.67 73.76
C1270 1270 70.87 66.95 73.97
C1271 1271 70.31 66.78 73.37
C1272 1272 70.71 66.78 73.63
C1273 1273 70.80 66.84 73.86
C1274 1274 71.00 67.12 74.21
C1275 1275 70.82 66.62 74.10
C1276 1276 70.94 67.07 73.93
C1277 1277 70.84 67.03 73.80
C1278 1278 70.91 66.98 73.93
C1279 1279 70.65 66.69 73.63
C1280 1280 70.60 67.22 73.03
C1281 1281 70.96 67.15 74.05
C1282 1282 70.77 66.74 74.04
C1283 1283 70.75 66.74 73.93
C1284 1284 70.79 66.67 74.02
C1285 1285 70.77 66.91 73.69
C1286 1286 70.74 66.69 74.04
C1287 1287 70.64 66.95 73.27
C1288 1288 70.79 66.95 73.75
C1289 1289 70.87 67.20 73.81
C1290 1290 70.79 66.96 73.88
C1291 1291 70.73 66.83 73.95
C1292 1292 70.87 66.83 73.90
C1293 1293 70.92 67.12 74.00
C1294 1294 70.84 66.96 73.98
C1295 1295 70.69 66.86 73.64
C1296 1296 70.85 67.03 73.73
C1297 1297 70.83 66.84 74.07
C1298 1298 70.81 66.98 73.75
C1299 1299 70.80 66.47 74.04
C1300 1300 70.77 66.64 74.04
C1301 1301 70.91 67.20 73.90
C1302 1302 70.06 66.74 72.15
C1303 1303 70.06 66.84 71.98
C1304 1304 70.26 66.95 72.30
C1305 1305 70.45 67.17 72.57
C1306 1306 70.52 67.12 72.71
C1307 1307 70.26 66.95 72.17
C1308 1308 70.40 66.91 72.59
C1309 1309 70.45 66.95 72.88
C1310 1310 70.19 67.12 71.76
C1311 1311 70.35 67.10 72.39
C1312 1312 70.40 67.20 72.57
C1313 1313 70.19 67.18 71.93
C1314 1314 70.34 67.12 72.66
C1315 1315 70.06 66.88 71.69
C1316 1316 70.36 66.88 72.64
C1317 1317 70.44 66.89 72.78
C1318 1318 70.31 66.86 72.44
C1319 1319 70.30 66.72 72.52
C1320 1320 70.19 66.62 72.56
C1321 1321 70.37 66.95 72.64
C1322 1322 70.07 66.89 72.05
C1323 1323 70.34 66.57 72.86
C1324 1324 70.44 67.03 72.56
C1325 1325 70.45 67.15 72.66
C1326 1326 70.26 66.69 72.54
C1327 1327 70.48 67.07 72.81
C1328 1328 70.39 66.86 72.62
C1329 1329 69.85 66.10 71.79
C1330 1330 70.02 65.89 72.45
C1331 1331 69.93 65.94 71.93
C1332 1332 69.90 66.08 71.96
C1333 1333 69.84 65.59 72.50
C1334 1334 69.82 65.77 72.13
C1335 1335 69.96 65.69 72.61
C1336 1336 70.03 65.79 72.59
C1337 1337 70.06 65.96 72.56
C1338 1338 70.10 66.21 72.52
C1339 1339 70.01 66.15 72.50
C1340 1340 70.13 66.11 72.52
C1341 1341 70.18 66.42 72.81
C1342 1342 70.08 66.11 72.74
C1343 1343 69.97 65.91 72.50
C1344 1344 70.05 65.89 72.61
C1345 1345 69.99 65.88 72.56
C1346 1346 70.02 66.11 72.50
C1347 1347 70.28 65.93 72.86
C1348 1348 69.97 65.79 72.69
C1349 1349 69.95 65.81 72.54
C1350 1350 70.02 66.04 72.69
C1351 1351 70.05 65.99 72.64
C1352 1352 70.10 66.03 72.71
C1353 1353 70.05 65.84 72.66
C1354 1354 70.15 66.04 72.64
C1355 1355 70.01 65.93 72.61
C1356 1356 69.72 65.91 71.67
C1357 1357 69.71 66.11 71.54
C1358 1358 69.42 65.91 71.74
C1359 1359 69.29 66.11 71.59
C1360 1360 69.22 65.91 71.49
C1361 1361 69.30 65.88 71.57
C1362 1362 69.31 66.18 71.40
C1363 1363 69.31 65.96 71.62
C1364 1364 69.29 65.93 71.57
C1365 1365 69.18 65.84 71.57
C1366 1366 69.10 65.69 71.49
C1367 1367 69.18 65.88 71.42
C1368 1368 68.93 65.81 70.82
C1369 1369 69.02 65.76 71.21
C1370 1370 69.13 65.74 71.47
C1371 1371 69.25 65.82 71.67
C1372 1372 69.21 65.72 71.55
C1373 1373 69.18 65.72 71.67
C1374 1374 69.23 65.89 71.55
C1375 1375 69.28 65.89 71.40
C1376 1376 69.28 65.91 71.50
C1377 1377 69.17 65.96 71.32
C1378 1378 69.30 65.99 71.82
C1379 1379 68.76 64.75 71.50
C1380 1380 69.04 65.14 71.62
C1381 1381 68.91 64.92 71.47
C1382 1382 68.88 65.04 71.54
C1383 1383 68.83 64.74 71.59
C1384 1384 68.87 64.97 71.45
C1385 1385 68.91 65.04 71.32
C1386 1386 68.89 65.08 71.40
C1387 1387 68.93 64.97 71.54
C1388 1388 69.00 65.57 71.33
C1389 1389 69.01 65.54 71.30
C1390 1390 68.97 65.06 71.69
C1391 1391 68.81 64.99 71.30
C1392 1392 69.04 65.26 71.62
C1393 1393 68.96 65.03 71.52
C1394 1394 68.78 64.80 71.37
C1395 1395 68.72 64.87 71.23
C1396 1396 68.80 64.77 71.33
C1397 1397 68.57 64.82 71.57
C1398 1398 68.56 64.84 71.43
C1399 1399 68.52 64.91 71.35
Overall -1 72.60 64.74 76.45
