#COPIER ID MEAN MIN MAX
C0 0 2.33 0 4
C1 1 2.33 0 4
C2 2 3.33 2 6
C3 3 2.33 1 4
C4 4 2.67 2 4
C5 5 0.67 0 1
C6 6 2.33 1 4
C7 7 2.00 1 3
C8 8 0.67 0 1
C9 9 2.33 1 3
C10 10 0.67 0 1
C11 11 2.33 0 4
C12 12 1.00 0 2
C13 13 1.00 0 3
C14 14 1.33 0 3
C15 15 0.67 0 1
C16 16 1.00 0 2
C17 17 0.67 0 1
C18 18 1.00 0 2
C19 19 0.67 0 2
C20 20 0.33 0 1
C21 21 0.67 0 1
C22 22 1.33 0 2
C23 23 1.33 0 4
C24 24 1.33 0 3
C25 25 1.67 0 4
C26 26 1.00 0 2
C27 27 1.00 0 2
C28 28 0.33 0 1
C29 29 1.33 0 3
C30 30 1.00 0 2
C31 31 0.00 0 0
C32 32 0.67 0 1
C33 33 1.33 0 3
C34 34 0.33 0 1
C35 35 0.00 0 0
C36 36 1.67 1 2
C37 37 0.33 0 1
C38 38 1.33 0 3
C39 39 2.33 1 3
C40 40 1.00 0 3
C41 41 0.67 0 1
C42 42 1.00 1 1
C43 43 0.67 0 2
C44 44 0.67 0 1
C45 45 2.33 0 6
C46 46 1.33 0 3
C47 47 0.67 0 1
C48 48 1.67 1 2
C49 49 1.33 1 2
C50 50 0.00 0 0
C51 51 0.00 0 0
C52 52 1.00 0 2
C53 53 1.00 0 3
C54 54 1.00 0 3
C55 55 0.67 0 1
C56 56 0.67 0 1
C57 57 2.33 1 4
C58 58 1.33 0 2
C59 59 1.67 0 3
C60 60 0.33 0 1
C61 61 1.00 1 1
C62 62 1.00 0 2
C63 63 1.00 1 1
C64 64 2.00 1 3
C65 65 1.00 0 3
C66 66 1.33 0 3
C67 67 0.67 0 1
C68 68 1.33 0 3
C69 69 0.67 0 1
C70 70 0.67 0 1
C71 71 0.33 0 1
C72 72 1.00 1 1
C73 73 1.67 1 2
C74 74 1.33 0 3
C75 75 0.33 0 1
C76 76 0.67 0 1
C77 77 1.00 0 2
C78 78 1.00 1 1
C79 79 0.67 0 1
C80 80 0.33 0 1
C81 81 0.67 0 1
C82 82 1.33 0 4
C83 83 0.67 0 1
C84 84 2.33 1 4
C85 85 1.67 1 2
C86 86 1.00 0 2
C87 87 1.33 1 2
C88 88 1.33 1 2
C89 89 0.67 0 1
C90 90 1.33 0 3
C91 91 0.00 0 0
C92 92 0.67 0 1
C93 93 1.00 0 2
C94 94 1.00 0 2
C95 95 1.00 0 3
C96 96 1.00 0 2
C97 97 1.00 0 2
C98 98 1.67 1 2
C99 99 1.00 0 2
C100 100 0.33 0 1
C101 101 1.33 0 3
C102 102 1.00 0 2
C103 103 1.33 1 2
C104 104 1.33 1 2
C105 105 1.33 0 3
C106 106 1.00 0 2
C107 107 1.00 0 2
C108 108 0.33 0 1
C109 109 0.67 0 1
C110 110 0.67 0 1
C111 111 1.00 0 3
C112 112 1.33 0 3
C113 113 1.00 1 1
C114 114 1.00 0 2
C115 115 2.00 1 3
C116 116 1.00 1 1
C117 117 0.67 0 1
C118 118 2.33 1 3
C119 119 0.33 0 1
C120 120 0.67 0 2
C121 121 1.00 1 1
C122 122 0.67 0 1
C123 123 1.00 0 2
C124 124 0.67 0 2
C125 125 0.33 0 1
C126 126 0.33 0 1
C127 127 0.33 0 1
C128 128 0.33 0 1
C129 129 1.67 0 4
C130 130 1.33 0 3
C131 131 2.33 1 3
C132 132 0.33 0 1
C133 133 1.00 1 1
C134 134 0.67 0 2
C135 135 1.67 1 2
C136 136 1.33 1 2
C137 137 1.00 1 1
C138 138 1.00 0 2
C139 139 1.33 1 2
C140 140 1.67 0 5
C141 141 1.33 0 2
C142 142 2.00 0 3
C143 143 1.00 0 3
C144 144 0.00 0 0
C145 145 0.00 0 0
C146 146 0.67 0 1
C147 147 1.00 0 2
C148 148 0.67 0 1
C149 149 0.00 0 0
C150 150 1.33 0 2
C151 151 0.00 0 0
C152 152 0.33 0 1
C153 153 0.00 0 0
C154 154 1.00 0 2
C155 155 1.33 0 3
C156 156 1.33 1 2
C157 157 1.00 0 2
C158 158 0.67 0 1
C159 159 1.00 0 2
C160 160 0.67 0 1
C161 161 0.00 0 0
C162 162 0.67 0 1
C163 163 0.67 0 1
C164 164 0.33 0 1
C165 165 1.00 1 1
C166 166 0.67 0 2
C167 167 1.33 1 2
C168 168 1.00 0 2
C169 169 0.33 0 1
C170 170 1.67 1 2
C171 171 2.00 1 3
C172 172 0.67 0 1
C173 173 0.00 0 0
C174 174 0.67 0 1
C175 175 1.33 1 2
C176 176 0.33 0 1
C177 177 1.33 0 3
C178 178 2.00 1 3
C179 179 2.00 1 3
C180 180 1.67 1 2
C181 181 0.33 0 1
C182 182 1.33 0 2
C183 183 0.33 0 1
C184 184 1.67 0 3
C185 185 0.67 0 1
C186 186 1.67 1 3
C187 187 0.33 0 1
C188 188 1.00 0 2
C189 189 0.67 0 1
C190 190 0.33 0 1
C191 191 0.67 0 1
C192 192 1.67 1 2
C193 193 2.33 0 5
C194 194 0.67 0 1
C195 195 1.67 0 3
C196 196 1.00 0 2
C197 197 1.00 0 2
C198 198 0.67 0 1
C199 199 0.67 0 1
C200 200 0.67 0 1
C201 201 0.33 0 1
C202 202 3.00 1 5
C203 203 1.00 0 2
C204 204 1.67 0 3
C205 205 0.67 0 2
C206 206 0.67 0 1
C207 207 1.33 0 2
C208 208 1.00 0 2
C209 209 2.33 0 4
C210 210 1.33 0 3
C211 211 1.00 0 2
C212 212 0.33 0 1
C213 213 1.00 0 2
C214 214 0.00 0 0
C215 215 0.33 0 1
C216 216 1.33 0 2
C217 217 2.00 1 4
C218 218 0.33 0 1
C219 219 1.00 0 2
C220 220 1.00 1 1
C221 221 1.00 1 1
C222 222 1.00 0 2
C223 223 1.33 0 3
C224 224 0.67 0 1
C225 225 1.67 1 2
C226 226 1.33 0 3
C227 227 1.67 0 4
C228 228 0.33 0 1
C229 229 0.00 0 0
C230 230 1.00 0 2
C231 231 1.00 0 2
C232 232 1.33 0 3
C233 233 2.33 2 3
C234 234 0.67 0 1
C235 235 0.00 0 0
C236 236 1.33 1 2
C237 237 0.67 0 1
C238 238 1.00 0 2
C239 239 0.67 0 1
C240 240 1.00 1 1
C241 241 1.00 1 1
C242 242 1.00 1 1
C243 243 2.33 2 3
C244 244 1.00 0 2
C245 245 0.33 0 1
C246 246 0.33 0 1
C247 247 1.33 1 2
C248 248 0.33 0 1
C249 249 2.33 0 5
C250 250 0.67 0 1
C251 251 1.00 0 2
C252 252 1.00 0 3
C253 253 0.67 0 2
C254 254 0.67 0 2
C255 255 0.67 0 1
C256 256 1.00 0 2
C257 257 0.67 0 2
C258 258 0.33 0 1
C259 259 0.33 0 1
C260 260 2.00 1 3
C261 261 1.00 0 2
C262 262 1.67 1 3
C263 263 0.33 0 1
C264 264 0.67 0 1
C265 265 0.33 0 1
C266 266 0.67 0 2
C267 267 1.00 0 2
C268 268 0.67 0 2
C269 269 1.33 1 2
C270 270 1.67 0 3
C271 271 1.33 0 3
C272 272 0.67 0 1
C273 273 1.33 1 2
C274 274 1.33 0 3
C275 275 1.67 0 3
C276 276 1.67 0 3
C277 277 1.67 1 2
C278 278 1.33 1 2
C279 279 0.33 0 1
C280 280 1.33 0 2
C281 281 0.67 0 1
C282 282 0.67 0 2
C283 283 0.67 0 1
C284 284 1.67 1 2
C285 285 0.00 0 0
C286 286 1.00 0 2
C287 287 0.67 0 1
C288 288 1.67 1 2
C289 289 1.33 1 2
C290 290 0.67 0 1
C291 291 0.33 0 1
C292 292 1.33 1 2
C293 293 1.33 0 3
C294 294 0.00 0 0
C295 295 0.67 0 2
C296 296 1.00 0 2
C297 297 1.00 0 3
C298 298 0.67 0 2
C299 299 1.00 0 2
C300 300 2.00 1 3
C301 301 1.33 1 2
C302 302 0.33 0 1
C303 303 0.67 0 1
C304 304 1.33 0 3
C305 305 0.67 0 2
C306 306 1.67 1 2
C307 307 0.67 0 1
C308 308 1.33 0 2
C309 309 1.33 1 2
C310 310 0.67 0 2
C311 311 0.00 0 0
C312 312 0.67 0 1
C313 313 0.33 0 1
C314 314 1.00 0 2
C315 315 0.67 0 1
C316 316 0.67 0 1
C317 317 1.00 0 2
C318 318 0.67 0 1
C319 319 0.33 0 1
C320 320 1.00 1 1
C321 321 0.67 0 2
C322 322 1.00 1 1
C323 323 1.00 0 2
C324 324 1.67 0 3
C325 325 0.67 0 2
C326 326 0.67 0 1
C327 327 1.33 0 3
C328 328 0.67 0 2
C329 329 1.67 1 2
C330 330 0.33 0 1
C331 331 0.67 0 1
C332 332 0.67 0 1
C333 333 1.33 1 2
C334 334 0.67 0 1
C335 335 0.67 0 1
C336 336 1.00 0 2
C337 337 0.67 0 1
C338 338 1.00 0 2
C339 339 0.67 0 1
C340 340 1.00 1 1
C341 341 1.00 0 3
C342 342 2.00 2 2
C343 343 0.67 0 1
C344 344 1.00 0 2
C345 345 1.00 1 1
C346 346 0.33 0 1
C347 347 1.67 0 4
C348 348 0.67 0 2
C349 349 1.67 1 3
C350 350 2.00 1 3
C351 351 0.33 0 1
C352 352 1.67 1 3
C353 353 1.67 0 4
C354 354 0.67 0 1
C355 355 1.67 1 2
C356 356 1.33 0 3
C357 357 0.67 0 2
C358 358 1.00 0 2
C359 359 1.00 0 2
C360 360 0.67 0 1
C361 361 1.67 0 3
C362 362 1.00 0 3
C363 363 1.00 1 1
C364 364 1.00 1 1
C365 365 1.67 1 3
C366 366 1.33 0 2
C367 367 0.00 0 0
C368 368 1.33 1 2
C369 369 0.67 0 2
C370 370 0.67 0 1
C371 371 1.00 0 2
C372 372 1.33 0 3
C373 373 0.33 0 1
C374 374 0.67 0 2
C375 375 0.67 0 1
C376 376 1.33 0 2
C377 377 1.00 0 2
C378 378 0.67 0 1
C379 379 2.00 1 3
C380 380 0.00 0 0
C381 381 1.67 1 2
C382 382 1.00 0 2
C383 383 1.33 0 2
C384 384 0.00 0 0
C385 385 1.67 1 2
C386 386 1.00 0 3
C387 387 1.00 1 1
C388 388 0.67 0 1
C389 389 2.00 1 3
C390 390 0.33 0 1
C391 391 0.33 0 1
C392 392 1.00 0 2
C393 393 0.33 0 1
C394 394 0.67 0 2
C395 395 0.67 0 1
C396 396 1.00 0 3
C397 397 1.33 0 3
C398 398 0.67 0 1
C399 399 0.67 0 1
C400 400 0.33 0 1
C401 401 2.00 1 4
C402 402 1.33 0 3
C403 403 1.67 1 3
C404 404 0.33 0 1
C405 405 0.67 0 1
C406 406 0.67 0 1
C407 407 1.33 0 4
C408 408 2.67 1 4
C409 409 0.67 0 1
C410 410 1.00 1 1
C411 411 0.67 0 1
C412 412 0.67 0 2
C413 413 0.33 0 1
C414 414 2.00 1 3
C415 415 1.00 1 1
C416 416 1.00 0 2
C417 417 2.00 1 3
C418 418 1.67 1 3
C419 419 1.67 1 2
C420 420 0.67 0 1
C421 421 0.67 0 1
C422 422 0.67 0 1
C423 423 0.67 0 2
C424 424 0.00 0 0
C425 425 0.67 0 1
C426 426 1.33 0 2
C427 427 0.67 0 1
C428 428 0.00 0 0
C429 429 0.00 0 0
C430 430 0.67 0 1
C431 431 0.67 0 1
C432 432 1.00 1 1
C433 433 1.00 0 2
C434 434 0.67 0 1
C435 435 1.00 1 1
C436 436 1.00 0 2
C437 437 0.67 0 1
C438 438 0.00 0 0
C439 439 1.00 0 2
C440 440 1.67 0 3
C441 441 0.00 0 0
C442 442 1.00 0 2
C443 443 1.33 0 3
C444 444 0.00 0 0
C445 445 2.33 2 3
C446 446 1.00 0 2
C447 447 1.00 0 3
C448 448 1.00 1 1
C449 449 0.33 0 1
C450 450 1.67 0 4
C451 451 1.67 1 2
C452 452 1.00 0 2
C453 453 1.00 0 2
C454 454 1.33 0 2
C455 455 1.00 0 3
C456 456 2.33 1 3
C457 457 2.00 0 3
C458 458 1.00 0 2
C459 459 0.67 0 1
C460 460 0.33 0 1
C461 461 1.67 1 2
C462 462 0.33 0 1
C463 463 0.00 0 0
C464 464 1.00 0 3
C465 465 0.67 0 1
C466 466 1.00 1 1
C467 467 1.33 0 3
C468 468 0.67 0 1
C469 469 0.00 0 0
C470 470 1.67 1 2
C471 471 0.33 0 1
C472 472 1.00 0 2
C473 473 0.33 0 1
C474 474 2.00 2 2
C475 475 1.00 0 2
C476 476 1.33 1 2
C477 477 2.00 0 5
C478 478 1.00 0 3
C479 479 1.67 0 4
C480 480 1.67 1 2
C481 481 1.33 0 3
C482 482 2.00 2 2
C483 483 0.00 0 0
C484 484 0.67 0 1
C485 485 1.67 0 4
C486 486 1.00 0 3
C487 487 0.00 0 0
C488 488 1.67 0 4
C489 489 0.67 0 1
C490 490 0.33 0 1
C491 491 1.00 0 2
C492 492 0.00 0 0
C493 493 1.00 0 2
C494 494 1.33 0 2
C495 495 0.33 0 1
C496 496 0.33 0 1
C497 497 1.33 0 3
C498 498 1.33 1 2
C499 499 0.67 0 1
C500 500 1.33 0 2
C501 501 1.67 1 2
C502 502 1.00 0 2
C503 503 0.67 0 1
C504 504 0.67 0 1
C505 505 0.00 0 0
C506 506 1.00 0 2
C507 507 2.00 1 3
C508 508 0.33 0 1
C509 509 1.00 0 2
C510 510 0.33 0 1
C511 511 0.67 0 1
C512 512 0.67 0 1
C513 513 0.00 0 0
C514 514 1.00 1 1
C515 515 0.00 0 0
C516 516 1.67 1 2
C517 517 1.00 0 3
C518 518 1.33 0 3
C519 519 1.33 0 3
C520 520 0.00 0 0
C521 521 0.33 0 1
C522 522 1.00 0 2
C523 523 0.67 0 1
C524 524 0.33 0 1
C525 525 1.67 1 2
C526 526 1.00 1 1
C527 527 0.67 0 1
C528 528 0.33 0 1
C529 529 0.00 0 0
C530 530 0.67 0 2
C531 531 0.67 0 1
C532 532 1.00 1 1
C533 533 1.00 0 2
C534 534 1.33 1 2
C535 535 1.00 1 1
C536 536 1.00 1 1
C537 537 0.33 0 1
C538 538 1.00 0 2
C539 539 1.00 0 2
C540 540 0.00 0 0
C541 541 1.33 0 3
C542 542 0.67 0 1
C543 543 2.33 2 3
C544 544 1.33 0 2
C545 545 2.00 0 4
C546 546 1.00 0 2
C547 547 0.67 0 1
C548 548 0.67 0 1
C549 549 0.67 0 1
C550 550 0.33 0 1
C551 551 0.67 0 2
C552 552 1.33 1 2
C553 553 2.33 0 5
C554 554 2.00 0 3
C555 555 1.00 0 3
C556 556 1.67 1 3
C557 557 0.67 0 2
C558 558 1.00 1 1
C559 559 1.00 0 2
C560 560 0.67 0 1
C561 561 1.00 0 2
C562 562 1.00 0 2
C563 563 2.00 1 3
C564 564 0.67 0 1
C565 565 1.00 0 2
C566 566 1.33 1 2
C567 567 0.67 0 1
C568 568 1.00 0 2
C569 569 1.00 0 2
C570 570 0.67 0 1
C571 571 0.67 0 2
C572 572 1.33 0 2
C573 573 0.67 0 1
C574 574 0.67 0 1
C575 575 1.33 0 3
C576 576 0.33 0 1
C577 577 0.67 0 1
C578 578 0.33 0 1
C579 579 0.33 0 1
C580 580 0.67 0 1
C581 581 0.67 0 1
C582 582 1.67 1 2
C583 583 0.33 0 1
C584 584 2.67 1 4
C585 585 0.67 0 1
C586 586 0.67 0 1
C587 587 0.33 0 1
C588 588 0.67 0 1
C589 589 0.67 0 1
C590 590 1.00 0 2
C591 591 3.00 1 5
C592 592 0.67 0 1
C593 593 0.67 0 1
C594 594 1.67 1 2
C595 595 1.33 0 3
C596 596 1.67 1 2
C597 597 1.33 0 3
C598 598 1.00 0 2
C599 599 1.67 1 2
C600 600 1.00 0 2
C601 601 1.33 1 2
C602 602 1.00 1 1
C603 603 0.33 0 1
C604 604 0.67 0 1
C605 605 0.67 0 1
C606 606 1.33 0 3
C607 607 0.33 0 1
C608 608 1.33 0 3
C609 609 0.00 0 0
C610 610 1.33 0 4
C611 611 0.33 0 1
C612 612 1.00 0 2
C613 613 0.67 0 2
C614 614 2.33 0 6
C615 615 0.00 0 0
C616 616 2.67 1 5
C617 617 2.00 0 4
C618 618 1.00 0 2
C619 619 0.67 0 1
C620 620 1.33 0 2
C621 621 0.67 0 2
C622 622 1.00 0 2
C623 623 1.00 0 2
C624 624 1.00 1 1
C625 625 0.67 0 2
C626 626 1.67 0 3
C627 627 1.33 0 3
C628 628 2.00 1 3
C629 629 1.00 0 2
C630 630 0.67 0 2
C631 631 1.00 0 2
C632 632 0.33 0 1
C633 633 0.67 0 1
C634 634 0.67 0 2
C635 635 0.67 0 1
C636 636 1.33 0 3
C637 637 1.00 1 1
C638 638 1.00 0 3
C639 639 0.67 0 1
C640 640 0.33 0 1
C641 641 1.67 0 4
C642 642 0.00 0 0
C643 643 1.67 0 3
C644 644 2.00 0 5
C645 645 0.00 0 0
C646 646 0.67 0 1
C647 647 2.67 1 4
C648 648 1.00 0 2
C649 649 0.67 0 1
C650 650 1.00 1 1
C651 651 1.00 0 2
C652 652 1.00 1 1
C653 653 1.67 1 2
C654 654 1.33 1 2
C655 655 1.67 1 2
C656 656 1.00 1 1
C657 657 1.33 0 3
C658 658 0.33 0 1
C659 659 1.33 0 3
C660 660 1.00 0 2
C661 661 0.33 0 1
C662 662 0.67 0 1
C663 663 0.67 0 2
C664 664 0.67 0 1
C665 665 2.67 2 3
C666 666 1.00 0 2
C667 667 1.33 0 2
C668 668 1.33 0 3
C669 669 0.33 0 1
C670 670 0.67 0 1
C671 671 1.00 0 2
C672 672 1.00 1 1
C673 673 0.67 0 1
C674 674 1.00 0 2
C675 675 0.33 0 1
C676 676 1.33 0 3
C677 677 2.33 2 3
C678 678 0.00 0 0
C679 679 0.33 0 1
C680 680 0.67 0 1
C681 681 1.33 0 4
C682 682 1.00 0 2
C683 683 0.33 0 1
C684 684 0.33 0 1
C685 685 1.00 0 2
C686 686 1.00 0 3
C687 687 1.67 0 4
C688 688 1.00 0 2
C689 689 0.33 0 1
C690 690 1.00 0 2
C691 691 1.67 1 2
C692 692 0.67 0 2
C693 693 1.00 1 1
C694 694 1.00 0 2
C695 695 1.67 0 3
C696 696 1.00 0 2
C697 697 1.00 0 2
C698 698 1.00 1 1
C699 699 0.33 0 1
C700 700 2.67 1 4
C701 701 0.67 0 1
C702 702 0.67 0 1
C703 703 0.67 0 1
C704 704 0.33 0 1
C705 705 0.33 0 1
C706 706 0.67 0 2
C707 707 1.67 0 3
C708 708 1.00 1 1
C709 709 0.67 0 2
C710 710 2.33 2 3
C711 711 1.00 1 1
C712 712 0.33 0 1
C713 713 1.00 1 1
C714 714 1.67 1 2
C715 715 1.00 0 2
C716 716 0.67 0 1
C717 717 1.00 0 2
C718 718 0.67 0 2
C719 719 0.67 0 1
C720 720 0.67 0 1
C721 721 1.33 0 2
C722 722 1.00 0 2
C723 723 0.67 0 2
C724 724 0.67 0 2
C725 725 1.33 0 3
C726 726 0.00 0 0
C727 727 0.67 0 1
C728 728 1.67 1 3
C729 729 0.33 0 1
C730 730 1.67 0 3
C731 731 1.67 0 3
C732 732 1.00 0 2
C733 733 1.00 1 1
C734 734 1.00 0 2
C735 735 1.33 0 3
C736 736 2.33 1 4
C737 737 1.00 1 1
C738 738 3.00 1 4
C739 739 1.00 0 2
C740 740 2.00 0 4
C741 741 1.67 0 3
C742 742 1.67 1 3
C743 743 0.00 0 0
C744 744 0.67 0 2
C745 745 1.00 0 2
C746 746 0.33 0 1
C747 747 1.00 0 2
C748 748 0.00 0 0
C749 749 0.33 0 1
C750 750 1.33 0 3
C751 751 0.67 0 1
C752 752 0.00 0 0
C753 753 0.67 0 1
C754 754 1.00 0 2
C755 755 0.00 0 0
C756 756 1.33 1 2
C757 757 0.67 0 2
C758 758 0.33 0 1
C759 759 1.67 0 4
C760 760 1.33 0 3
C761 761 0.67 0 1
C762 762 1.33 0 3
C763 763 1.67 1 2
C764 764 1.00 0 2
C765 765 1.33 0 2
C766 766 0.00 0 0
C767 767 1.67 0 4
C768 768 1.67 0 4
C769 769 1.67 0 4
C770 770 0.67 0 1
C771 771 1.00 1 1
C772 772 0.00 0 0
C773 773 0.33 0 1
C774 774 0.33 0 1
C775 775 0.33 0 1
C776 776 0.67 0 1
C777 777 1.00 1 1
C778 778 1.00 0 2
C779 779 1.33 0 2
C780 780 1.33 0 3
C781 781 1.00 1 1
C782 782 0.67 0 2
C783 783 1.67 0 3
C784 784 1.33 0 3
C785 785 1.33 1 2
C786 786 1.00 1 1
C787 787 0.67 0 1
C788 788 1.33 1 2
C789 789 1.33 0 2
C790 790 1.67 0 4
C791 791 0.67 0 2
C792 792 1.33 1 2
C793 793 1.00 1 1
C794 794 1.67 0 4
C795 795 0.67 0 2
C796 796 0.67 0 1
C797 797 1.33 0 2
C798 798 1.67 1 2
C799 799 1.00 1 1
C800 800 1.33 0 3
C801 801 1.67 1 3
C802 802 1.33 1 2
C803 803 1.67 0 3
C804 804 0.33 0 1
C805 805 0.67 0 2
C806 806 0.67 0 1
C807 807 1.00 0 2
C808 808 1.00 0 2
C809 809 0.67 0 1
C810 810 0.00 0 0
C811 811 0.67 0 1
C812 812 1.00 0 2
C813 813 0.33 0 1
C814 814 0.33 0 1
C815 815 0.67 0 1
C816 816 2.33 1 3
C817 817 1.00 0 2
C818 818 1.00 1 1
C819 819 0.67 0 2
C820 820 0.67 0 1
C821 821 0.33 0 1
C822 822 1.67 1 2
C823 823 0.00 0 0
C824 824 1.33 0 4
C825 825 1.33 0 3
C826 826 1.00 0 2
C827 827 1.00 0 2
C828 828 1.00 0 2
C829 829 2.00 0 4
C830 830 1.33 1 2
C831 831 0.67 0 1
C832 832 1.33 1 2
C833 833 2.00 1 3
C834 834 1.00 1 1
C835 835 1.33 0 3
C836 836 0.67 0 1
C837 837 0.67 0 2
C838 838 2.00 1 4
C839 839 1.00 0 2
C840 840 1.33 1 2
C841 841 1.00 1 1
C842 842 0.33 0 1
C843 843 1.00 0 2
C844 844 1.00 0 2
C845 845 1.00 0 3
C846 846 0.33 0 1
C847 847 0.67 0 2
C848 848 1.33 1 2
C849 849 0.33 0 1
C850 850 1.33 0 3
C851 851 0.67 0 1
C852 852 0.67 0 1
C853 853 1.00 0 3
C854 854 1.33 0 3
C855 855 1.00 0 3
C856 856 1.33 0 3
C857 857 1.00 0 2
C858 858 1.33 1 2
C859 859 0.67 0 1
C860 860 0.67 0 1
C861 861 0.00 0 0
C862 862 0.33 0 1
C863 863 1.00 0 2
C864 864 0.33 0 1
C865 865 0.67 0 1
C866 866 1.33 0 3
C867 867 1.00 0 3
C868 868 0.67 0 1
C869 869 1.00 0 3
C870 870 1.00 0 2
C871 871 1.00 0 2
C872 872 0.33 0 1
C873 873 1.33 0 3
C874 874 1.33 1 2
C875 875 1.33 0 2
C876 876 1.33 0 3
C877 877 1.00 0 2
C878 878 0.67 0 1
C879 879 0.67 0 1
C880 880 1.67 1 2
C881 881 2.00 1 3
C882 882 1.33 1 2
C883 883 2.00 0 4
C884 884 1.67 0 3
C885 885 2.33 2 3
C886 886 0.00 0 0
C887 887 0.33 0 1
C888 888 0.33 0 1
C889 889 1.00 0 2
C890 890 1.33 0 2
C891 891 1.67 1 2
C892 892 0.67 0 2
C893 893 2.33 1 3
C894 894 1.00 0 2
C895 895 2.33 0 4
C896 896 1.00 0 2
C897 897 1.67 0 3
C898 898 3.33 3 4
C899 899 1.00 1 1
C900 900 0.33 0 1
C901 901 1.33 1 2
C902 902 0.67 0 1
C903 903 1.67 0 3
C904 904 1.00 0 2
C905 905 0.33 0 1
C906 906 1.33 1 2
C907 907 0.33 0 1
C908 908 1.33 0 3
C909 909 0.33 0 1
C910 910 0.67 0 1
C911 911 1.67 1 3
C912 912 1.00 1 1
C913 913 1.00 0 2
C914 914 1.33 0 3
C915 915 1.67 0 3
C916 916 1.00 0 2
C917 917 1.67 1 2
C918 918 1.00 1 1
C919 919 0.67 0 2
C920 920 1.33 1 2
C921 921 1.67 1 3
C922 922 2.00 0 4
C923 923 1.00 0 2
C924 924 1.00 1 1
C925 925 0.33 0 1
C926 926 0.67 0 1
C927 927 0.67 0 1
C928 928 1.00 0 2
C929 929 1.33 1 2
C930 930 1.00 0 2
C931 931 2.33 0 4
C932 932 1.67 1 2
C933 933 0.67 0 1
C934 934 0.33 0 1
C935 935 0.33 0 1
C936 936 0.00 0 0
C937 937 1.67 0 4
C938 938 1.33 1 2
C939 939 1.00 0 2
C940 940 0.67 0 2
C941 941 1.00 0 2
C942 942 0.33 0 1
C943 943 0.67 0 2
C944 944 0.67 0 2
C945 945 0.67 0 1
C946 946 0.67 0 2
C947 947 1.00 0 2
C948 948 1.33 1 2
C949 949 0.33 0 1
C950 950 1.67 0 3
C951 951 0.67 0 1
C952 952 1.33 0 3
C953 953 1.00 0 2
C954 954 0.67 0 2
C955 955 1.67 0 3
C956 956 1.00 0 2
C957 957 0.67 0 1
C958 958 0.67 0 1
C959 959 0.33 0 1
C960 960 1.33 0 2
C961 961 1.67 0 3
C962 962 0.00 0 0
C963 963 1.00 0 2
C964 964 0.67 0 2
C965 965 1.33 1 2
C966 966 0.67 0 1
C967 967 1.67 0 4
C968 968 0.00 0 0
C969 969 1.00 0 3
C970 970 1.67 0 3
C971 971 0.33 0 1
C972 972 0.00 0 0
C973 973 1.00 0 2
C974 974 1.33 0 2
C975 975 0.67 0 1
C976 976 0.00 0 0
C977 977 1.00 0 2
C978 978 3.00 2 4
C979 979 2.00 2 2
C980 980 0.67 0 1
C981 981 1.33 0 2
C982 982 0.67 0 1
C983 983 0.33 0 1
C984 984 0.67 0 2
C985 985 0.67 0 1
C986 986 1.67 0 4
C987 987 0.33 0 1
C988 988 0.67 0 2
C989 989 1.67 1 2
C990 990 1.67 0 4
C991 991 1.00 1 1
C992 992 0.67 0 1
C993 993 1.00 1 1
C994 994 1.67 1 3
C995 995 0.00 0 0
C996 996 1.00 0 3
C997 997 1.00 1 1
C998 998 1.00 0 2
C999 999 1.00 1 1
